  0.000000000000000E+000  0.142511217541493     
   1.00000000000000      -3.114220319035582E-002
   2.00000000000000       6.745885792076071E-003
   3.00000000000000       3.983456081659897E-003
   4.00000000000000      -1.093058762323768E-002
   5.00000000000000       7.002278490334565E-003
   6.00000000000000       3.259824296300881E-003
   7.00000000000000      -9.407203267742692E-003
   8.00000000000000       5.919536941880327E-003
   9.00000000000000       2.900974411187654E-003
   10.0000000000000      -8.094682591265445E-003
   11.0000000000000       5.010992840193108E-003
   12.0000000000000       2.579778401854797E-003
   13.0000000000000      -6.969899146676131E-003
   14.0000000000000       4.243239782415836E-003
   15.0000000000000       2.292460354099676E-003
   16.0000000000000      -6.004594435391558E-003
   17.0000000000000       3.593957344260747E-003
   18.0000000000000       2.035593176179552E-003
   19.0000000000000      -5.175225462823035E-003
   20.0000000000000       3.044559592028588E-003
   21.0000000000000       1.806121792865982E-003
   22.0000000000000      -4.461975391364004E-003
   23.0000000000000       2.579451958991161E-003
   24.0000000000000       1.601293543133889E-003
   25.0000000000000      -3.848102387790042E-003
   26.0000000000000       2.185535488593918E-003
   27.0000000000000       1.418622136526777E-003
   28.0000000000000      -3.319414038246260E-003
   29.0000000000000       1.851794567942613E-003
   30.0000000000000       1.255858263636070E-003
