# Energy = (0.575530000000000,6.283191088089651E-003)
  0.000000000000000E+000 -4.089320784541850E-002
   1.00000000000000       2.853731380788427E-003
   2.00000000000000      -1.078763460199209E-003
   3.00000000000000      -3.494998824061929E-004
   4.00000000000000      -6.078048893803922E-005
   5.00000000000000       3.849972564098220E-004
   6.00000000000000       3.940757017552449E-004
   7.00000000000000      -5.660150534124442E-006
   8.00000000000000      -3.984909525479516E-004
   9.00000000000000      -3.172437202188516E-004
   10.0000000000000       1.015676898173806E-004
   11.0000000000000       3.635049230094750E-004
   12.0000000000000       2.354630286171971E-004
   13.0000000000000      -1.412840314617622E-004
   14.0000000000000      -3.514494912594951E-004
   15.0000000000000      -1.523387107499191E-004
   16.0000000000000       1.868659196266470E-004
   17.0000000000000       2.982258084223283E-004
   18.0000000000000       9.368925488863894E-005
   19.0000000000000      -2.078586399665294E-004
   20.0000000000000      -2.640119274090608E-004
   21.0000000000000      -2.469285888481720E-005
   22.0000000000000       2.145347884311977E-004
   23.0000000000000       2.111477886101304E-004
   24.0000000000000      -1.523539073563368E-005
   25.0000000000000      -2.175119180404667E-004
   26.0000000000000      -1.661854616580166E-004
   27.0000000000000       6.034931684456568E-005
   28.0000000000000       2.010326777590332E-004
   29.0000000000000       1.217002955662683E-004
   30.0000000000000      -8.469658539837083E-005
