  0.000000000000000E+000  0.916157391374027     
  2.004008016032064E-003  0.916168300112629     
  4.008016032064128E-003  0.916201021373824     
  6.012024048096191E-003  0.916255540301877     
  8.016032064128256E-003  0.916331832151971     
  1.002004008016032E-002  0.916429862315449     
  1.202404809619238E-002  0.916549586353527     
  1.402805611222445E-002  0.916690950040280     
  1.603206412825651E-002  0.916853889414167     
  1.803607214428857E-002  0.917038330839218     
  2.004008016032064E-002  0.917244191080679     
  2.204408817635270E-002  0.917471377388552     
  2.404809619238477E-002  0.917719787565528     
  2.605210420841683E-002  0.917989310090967     
  2.805611222444889E-002  0.918279824211495     
  3.006012024048096E-002  0.918591200070426     
  3.206412825651302E-002  0.918923298805748     
  3.406813627254509E-002  0.919275972699080     
  3.607214428857715E-002  0.919649065320260     
  3.807615230460921E-002  0.920042411660901     
  4.008016032064128E-002  0.920455838282257     
  4.208416833667334E-002  0.920889163497886     
  4.408817635270541E-002  0.921342197511462     
  4.609218436873747E-002  0.921814742615622     
  4.809619238476953E-002  0.922306593349284     
  5.010020040080160E-002  0.922817536701982     
  5.210420841683366E-002  0.923347352289530     
  5.410821643286573E-002  0.923895812552788     
  5.611222444889779E-002  0.924462682958604     
  5.811623246492986E-002  0.925047722206389     
  6.012024048096192E-002  0.925650682426890     
  6.212424849699398E-002  0.926271309406497     
  6.412825651302605E-002  0.926909342793218     
  6.613226452905811E-002  0.927564516318021     
  6.813627254509018E-002  0.928236558013497     
  7.014028056112225E-002  0.928925190441505     
  7.214428857715430E-002  0.929630130914035     
  7.414829659318636E-002  0.930351091722165     
  7.615230460921843E-002  0.931087780362690     
  7.815631262525050E-002  0.931839899768159     
  8.016032064128256E-002  0.932607148538241     
  8.216432865731463E-002  0.933389221167047     
  8.416833667334668E-002  0.934185808274563     
  8.617234468937875E-002  0.934996596837171     
  8.817635270541081E-002  0.935821270416683     
  9.018036072144288E-002  0.936659509389842     
  9.218436873747494E-002  0.937510991173789     
  9.418837675350701E-002  0.938375390453066     
  9.619238476953906E-002  0.939252379405142     
  9.819639278557113E-002  0.940141627923696     
  0.100200400801603       0.941042803835437     
  0.102204408817635       0.941955573121667     
  0.104208416833667       0.942879600131742     
  0.106212424849699       0.943814547797081     
  0.108216432865731       0.944760077840067     
  0.110220440881764       0.945715850980494     
  0.112224448897796       0.946681527139169     
  0.114228456913828       0.947656765637783     
  0.116232464929860       0.948641225390976     
  0.118236472945892       0.949634565106234     
  0.120240480961924       0.950636443461614     
  0.122244488977956       0.951646519297870     
  0.124248496993988       0.952664451797338     
  0.126252505010020       0.953689900651382     
  0.128256513026052       0.954722526242573     
  0.130260521042084       0.955761989800891     
  0.132264529058116       0.956807953573687     
  0.134268537074148       0.957860080977838     
  0.136272545090180       0.958918036752040     
  0.138276553106212       0.959981487110063     
  0.140280561122244       0.961050099874212     
  0.142284569138277       0.962123544623437     
  0.144288577154309       0.963201492821517     
  0.146292585170341       0.964283617945521     
  0.148296593186373       0.965369595610854     
  0.150300601202405       0.966459103689359     
  0.152304609218437       0.967551822425169     
  0.154308617234469       0.968647434541075     
  0.156312625250501       0.969745625346987     
  0.158316633266533       0.970846082835616     
  0.160320641282565       0.971948497781633     
  0.162324649298597       0.973052563830573     
  0.164328657314629       0.974157977585187     
  0.166332665330661       0.975264438685442     
  0.168336673346693       0.976371649890197     
  0.170340681362725       0.977479317145087     
  0.172344689378757       0.978587149654804     
  0.174348697394790       0.979694859943235     
  0.176352705410822       0.980802163919196     
  0.178356713426854       0.981908780927985     
  0.180360721442886       0.983014433807797     
  0.182364729458918       0.984118848931343     
  0.184368737474950       0.985221756259489     
  0.186372745490982       0.986322889373969     
  0.188376753507014       0.987421985518708     
  0.190380761523046       0.988518785634443     
  0.192384769539078       0.989613034385136     
  0.194388777555110       0.990704480188642     
  0.196392785571142       0.991792875239043     
  0.198396793587174       0.992877975527508     
  0.200400801603206       0.993959540861025     
  0.202404809619238       0.995037334873917     
  0.204408817635271       0.996111125045067     
  0.206412825651303       0.997180682702965     
  0.208416833667335       0.998245783032420     
  0.210420841683367       0.999306205083433     
  0.212424849699399        1.00036173176822     
  0.214428857715431        1.00141214985921     
  0.216432865731463        1.00245724999576     
  0.218436873747495        1.00349682666515     
  0.220440881763527        1.00453067821034     
  0.222444889779559        1.00555860680886     
  0.224448897795591        1.00658041847124     
  0.226452905811623        1.00759592302133     
  0.228456913827655        1.00860493408820     
  0.230460921843687        1.00960726908862     
  0.232464929859719        1.01060274920755     
  0.234468937875751        1.01159119938086     
  0.236472945891784        1.01257244827963     
  0.238476953907816        1.01354632828217     
  0.240480961923848        1.01451267545701     
  0.242484969939880        1.01547132953708     
  0.244488977955912        1.01642213389547     
  0.246492985971944        1.01736493552271     
  0.248496993987976        1.01829958499658     
  0.250501002004008        1.01922593645892     
  0.252505010020040        1.02014384758493     
  0.254509018036072        1.02105317955903     
  0.256513026052104        1.02195379703984     
  0.258517034068136        1.02284556813648     
  0.260521042084168        1.02372836437496     
  0.262525050100200        1.02460206066973     
  0.264529058116232        1.02546653529333     
  0.266533066132265        1.02632166984113     
  0.268537074148297        1.02716734920691     
  0.270541082164329        1.02800346154613     
  0.272545090180361        1.02882989824478     
  0.274549098196393        1.02964655388852     
  0.276553106212425        1.03045332623258     
  0.278557114228457        1.03125011616558     
  0.280561122244489        1.03203682768008     
  0.282565130260521        1.03281336784157     
  0.284569138276553        1.03357964675385     
  0.286573146292585        1.03433557752912     
  0.288577154308617        1.03508107625614     
  0.290581162324649        1.03581606197017     
  0.292585170340681        1.03654045661611     
  0.294589178356713        1.03725418502552     
  0.296593186372745        1.03795717487863     
  0.298597194388778        1.03864935667873     
  0.300601202404810        1.03933066371958     
  0.302605210420842        1.04000103205630     
  0.304609218436874        1.04066040047678     
  0.306613226452906        1.04130871046863     
  0.308617234468938        1.04194590619504     
  0.310621242484970        1.04257193446518     
  0.312625250501002        1.04318674470544     
  0.314629258517034        1.04379028893099     
  0.316633266533066        1.04438252172103     
  0.318637274549098        1.04496340019188     
  0.320641282565130        1.04553288396782     
  0.322645290581162        1.04609093516112     
  0.324649298597194        1.04663751834186     
  0.326653306613226        1.04717260051600     
  0.328657314629259        1.04769615110067     
  0.330661322645291        1.04820814189988     
  0.332665330661323        1.04870854708488     
  0.334669338677355        1.04919734316605     
  0.336673346693387        1.04967450897781     
  0.338677354709419        1.05014002565161     
  0.340681362725451        1.05059387659866     
  0.342685370741483        1.05103604748873     
  0.344689378757515        1.05146652623102     
  0.346693386773547        1.05188530295416     
  0.348697394789579        1.05229236998946     
  0.350701402805611        1.05268772185289     
  0.352705410821643        1.05307135522601     
  0.354709418837675        1.05344326894201     
  0.356713426853707        1.05380346396853     
  0.358717434869739        1.05415194339279     
  0.360721442885772        1.05448871240564     
  0.362725450901804        1.05481377828961     
  0.364729458917836        1.05512715040330     
  0.366733466933868        1.05542884017006     
  0.368737474949900        1.05571886106521     
  0.370741482965932        1.05599722860360     
  0.372745490981964        1.05626396032936     
  0.374749498997996        1.05651907580653     
  0.376753507014028        1.05676259660708     
  0.378757515030060        1.05699454630299     
  0.380761523046092        1.05721495045742     
  0.382765531062124        1.05742383661720     
  0.384769539078156        1.05762123430494     
  0.386773547094188        1.05780717501290     
  0.388777555110220        1.05798169219620     
  0.390781563126252        1.05814482126755     
  0.392785571142285        1.05829659959426     
  0.394789579158317        1.05843706648947     
  0.396793587174349        1.05856626321459     
  0.398797595190381        1.05868423297214     
  0.400801603206413        1.05879102090320     
  0.402805611222445        1.05888667409007     
  0.404809619238477        1.05897124154984     
  0.406813627254509        1.05904477423763     
  0.408817635270541        1.05910732504603     
  0.410821643286573        1.05915894880509     
  0.412825651302605        1.05919970228400     
  0.414829659318637        1.05922964419420     
  0.416833667334669        1.05924883519153     
  0.418837675350701        1.05925733788071     
  0.420841683366733        1.05925521681737     
  0.422845691382766        1.05924253851463     
  0.424849699398798        1.05921937144876     
  0.426853707414830        1.05918578606407     
  0.428857715430862        1.05914185477989     
  0.430861723446894        1.05908765200006     
  0.432865731462926        1.05902325411771     
  0.434869739478958        1.05894873952860     
  0.436873747494990        1.05886418863696     
  0.438877755511022        1.05876968386681     
  0.440881763527054        1.05866530967484     
  0.442885771543086        1.05855115255961     
  0.444889779559118        1.05842730107630     
  0.446893787575150        1.05829384584950     
  0.448897795591182        1.05815087958573     
  0.450901803607214        1.05799849709002     
  0.452905811623246        1.05783679528197     
  0.454909819639279        1.05766587321032     
  0.456913827655311        1.05748583207162     
  0.458917835671343        1.05729677522882     
  0.460921843687375        1.05709880822845     
  0.462925851703407        1.05689203882142     
  0.464929859719439        1.05667657698366     
  0.466933867735471        1.05645253493902     
  0.468937875751503        1.05622002717901     
  0.470941883767535        1.05597917048946     
  0.472945891783567        1.05573008397105     
  0.474949899799599        1.05547288906868     
  0.476953907815631        1.05520770959529     
  0.478957915831663        1.05493467175944     
  0.480961923847695        1.05465390419518     
  0.482965931863727        1.05436553798903     
  0.484969939879760        1.05406970671373     
  0.486973947895792        1.05376654645665     
  0.488977955911824        1.05345619585410     
  0.490981963927856        1.05313879612629     
  0.492985971943888        1.05281449111059     
  0.494989979959920        1.05248342729891     
  0.496993987975952        1.05214575387477     
  0.498997995991984        1.05180162275319     
  0.501002004008016        1.05145118861935     
  0.503006012024048        1.05109460897161     
  0.505010020040080        1.05073204416463     
  0.507014028056112        1.05036365745249     
  0.509018036072144        1.04998961503551     
  0.511022044088176        1.04961008610654     
  0.513026052104208        1.04922524290358     
  0.515030060120240        1.04883526075449     
  0.517034068136273        1.04844031813489     
  0.519038076152305        1.04804059671906     
  0.521042084168337        1.04763628143536     
  0.523046092184369        1.04722756052632     
  0.525050100200401        1.04681462560572     
  0.527054108216433        1.04639767172091     
  0.529058116232465        1.04597689741604     
  0.531062124248497        1.04555250479751     
  0.533066132264529        1.04512469960084     
  0.535070140280561        1.04469369126133     
  0.537074148296593        1.04425969298524     
  0.539078156312625        1.04382292182471     
  0.541082164328657        1.04338359875374     
  0.543086172344689        1.04294194874750     
  0.545090180360721        1.04249820086458     
  0.547094188376753        1.04205258833087     
  0.549098196392786        1.04160534862578     
  0.551102204408818        1.04115672357467     
  0.553106212424850        1.04070695943977     
  0.555110220440882        1.04025630701566     
  0.557114228456914        1.03980502173022     
  0.559118236472946        1.03935336374578     
  0.561122244488978        1.03890159806414     
  0.563126252505010        1.03844999463721     
  0.565130260521042        1.03799882847934     
  0.567134268537074        1.03754837978304     
  0.569138276553106        1.03709893403999     
  0.571142284569138        1.03665078216643     
  0.573146292585170        1.03620422062943     
  0.575150300601202        1.03575955158165     
  0.577154308617234        1.03531708299841     
  0.579158316633266        1.03487712881933     
  0.581162324649299        1.03444000909574     
  0.583166332665331        1.03400605014213     
  0.585170340681363        1.03357558469329     
  0.587174348697395        1.03314895206714     
  0.589178356713427        1.03272649833326     
  0.591182364729459        1.03230857648547     
  0.593186372745491        1.03189554662355     
  0.595190380761523        1.03148777613757     
  0.597194388777555        1.03108563990410     
  0.599198396793587        1.03068952048259     
  0.601202404809619        1.03029980832300     
  0.603206412825651        1.02991690198234     
  0.605210420841683        1.02954120834297     
  0.607214428857715        1.02917314284591     
  0.609218436873747        1.02881312972758     
  0.611222444889780        1.02846160226534     
  0.613226452905812        1.02811900303690     
  0.615230460921844        1.02778578418211     
  0.617234468937876        1.02746240768178     
  0.619238476953908        1.02714934564075     
  0.621242484969940        1.02684708058387     
  0.623246492985972        1.02655610576604     
  0.625250501002004        1.02627692548859     
  0.627254509018036        1.02601005543304     
  0.629258517034068        1.02575602300256     
  0.631262525050100        1.02551536767877     
  0.633266533066132        1.02528864139796     
  0.635270541082164        1.02507640893007     
  0.637274549098196        1.02487924828548     
  0.639278557114228        1.02469775112548     
  0.641282565130260        1.02453252320049     
  0.643286573146293        1.02438418479883     
  0.645290581162325        1.02425337121519     
  0.647294589178357        1.02414073323844     
  0.649298597194389        1.02404693766050     
  0.651302605210421        1.02397266780301     
  0.653306613226453        1.02391862406949     
  0.655310621242485        1.02388552451910     
  0.657314629258517        1.02387410546214     
  0.659318637274549        1.02388512208367     
  0.661322645290581        1.02391934909516     
  0.663326653306613        1.02397758140916     
  0.665330661322645        1.02406063484551     
  0.667334669338677        1.02416934687060     
  0.669338677354709        1.02430457736511     
  0.671342685370741        1.02446720942983     
  0.673346693386773        1.02465815022196     
  0.675350701402806        1.02487833183443     
  0.677354709418838        1.02512871221112     
  0.679358717434870        1.02541027610401     
  0.681362725450902        1.02572403608032     
  0.683366733466934        1.02607103356170     
  0.685370741482966        1.02645233993549     
  0.687374749498998        1.02686905768721     
  0.689378757515030        1.02732232161843     
  0.691382765531062        1.02781330009754     
  0.693386773547094        1.02834319638497     
  0.695390781563126        1.02891325001950     
  0.697394789579158        1.02952473827114     
  0.699398797595190        1.03017897765974     
  0.701402805611222        1.03087732556738     
  0.703406813627254        1.03162118190987     
  0.705410821643287        1.03241199090403     
  0.707414829659319        1.03325124292905     
  0.709418837675351        1.03414047647141     
  0.711422845691383        1.03508128018261     
  0.713426853707415        1.03607529503654     
  0.715430861723447        1.03712421660766     
  0.717434869739479        1.03822979746175     
  0.719438877755511        1.03939384968717     
  0.721442885771543        1.04061824754997     
  0.723446893787575        1.04190493031268     
  0.725450901803607        1.04325590518334     
  0.727454909819639        1.04467325045754     
  0.729458917835671        1.04615911881817     
  0.731462925851703        1.04771574082753     
  0.733466933867735        1.04934542862668     
  0.735470941883767        1.05105057984452     
  0.737474949899800        1.05283368173029     
  0.739478957915832        1.05469731554685     
  0.741482965931864        1.05664416120952     
  0.743486973947896        1.05867700221455     
  0.745490981963928        1.06079873087187     
  0.747494989979960        1.06301235384826     
  0.749498997995992        1.06532099807185     
  0.751503006012024        1.06772791699679     
  0.753507014028056        1.07023649726830     
  0.755511022044088        1.07285026582768     
  0.757515030060120        1.07557289746697     
  0.759519038076152        1.07840822288685     
  0.761523046092184        1.08136023728811     
  0.763527054108216        1.08443310955174     
  0.765531062124248        1.08763119202907     
  0.767535070140281        1.09095903101354     
  0.769539078156313        1.09442137794700     
  0.771543086172345        1.09802320140782     
  0.773547094188377        1.10176969995880     
  0.775551102204409        1.10566631592554     
  0.777555110220441        1.10971875017708     
  0.779559118236473        1.11393297800017     
  0.781563126252505        1.11831526617381     
  0.783567134268537        1.12287219132261     
  0.785571142284569        1.12761065969987     
  0.787575150300601        1.13253792849294     
  0.789579158316633        1.13766162882434     
  0.791583166332665        1.14298979058807     
  0.793587174348697        1.14853086928560     
  0.795591182364729        1.15429377509052     
  0.797595190380761        1.16028790431090     
  0.799599198396793        1.16652317352017     
  0.801603206412826        1.17301005661016     
  0.803607214428858        1.17975962505990     
  0.805611222444890        1.18678359175213     
  0.807615230460922        1.19409435872073     
  0.809619238476954        1.20170506922167     
  0.811623246492986        1.20962966460613     
  0.813627254509018        1.21788294652243     
  0.815631262525050        1.22648064502931     
  0.817635270541082        1.23543949328832     
  0.819639278557114        1.24477730959098     
  0.821643286573146        1.25451308755496     
  0.823647294589178        1.26466709550717     
  0.825651302605210        1.27526098606966     
  0.827655310621242        1.28631791728601     
  0.829659318637274        1.29786268666550     
  0.831663326653307        1.30992187979487     
  0.833667334669339        1.32252403541173     
  0.835671342685371        1.33569982906652     
  0.837675350701403        1.34948227789341     
  0.839679358717435        1.36390696933029     
  0.841683366733467        1.37901231716165     
  0.843687374749499        1.39483984868585     
  0.845691382765531        1.41143452760093     
  0.847695390781563        1.42884511775808     
  0.849699398797595        1.44712459405975     
  0.851703406813627        1.46633060766794     
  0.853707414829659        1.48652601413004     
  0.855711422845691        1.50777947446734     
  0.857715430861723        1.53016614132506     
  0.859719438877755        1.55376844442432     
  0.861723446893788        1.57867699251879     
  0.863727454909820        1.60499161240236     
  0.865731462925852        1.63282254985073     
  0.867735470941884        1.66229186260213     
  0.869739478957916        1.69353504208710     
  0.871743486973948        1.72670290879417     
  0.873747494989980        1.76196383652490     
  0.875751503006012        1.79950637385927     
  0.877755511022044        1.83954234789839     
  0.879759519038076        1.88231055663563     
  0.881763527054108        1.92808118409574     
  0.883767535070140        1.97716110827486     
  0.885771543086172        2.02990031915413     
  0.887775551102204        2.08669972660536     
  0.889779559118236        2.14802072126094     
  0.891783567134268        2.21439696397882     
  0.893787575150300        2.28644903260321     
  0.895791583166333        2.36490276533369     
  0.897795591182365        2.45061243377170     
  0.899799599198397        2.54459029304573     
  0.901803607214429        2.64804464850120     
  0.903807615230461        2.76242943944069     
  0.905811623246493        2.88950960920224     
  0.907815631262525        3.03144843797479     
  0.909819639278557        3.19092593423125     
  0.911823647294589        3.37130194872515     
  0.913827655310621        3.57684499269027     
  0.915831663326653        3.81305977816978     
  0.917835671342685        4.08716689099554     
  0.919839679358717        4.40882373154938     
  0.921843687374749        4.79124087382104     
  0.923847695390781        5.25297161907872     
  0.925851703406814        5.82089990831776     
  0.927855711422846        6.53547757308104     
  0.929859719438878        7.46046345971477     
  0.931863727454910        8.70241795718003     
  0.933867735470942        10.4535921092513     
  0.935871743486974        13.0990018261303     
  0.937875751503006        17.5363662152585     
  0.939879759519038        26.4440027543998     
  0.941883767535070        52.9729151749476     
  0.943887775551102        36.0993208936324     
  0.945891783567134        1.88486328532841     
  0.947895791583166       0.683802591259981     
  0.949899799599198       0.366549044155190     
  0.951903807615230       0.234287906740727     
  0.953907815631262       0.165743744921302     
  0.955911823647295       0.125320981824820     
  0.957915831663327       9.934378058093137E-002
  0.959919839679359       8.159537893432445E-002
  0.961923847695391       6.890126605276267E-002
  0.963927855711423       5.949552173470454E-002
  0.965931863727455       5.232896448500598E-002
  0.967935871743487       4.674482975243107E-002
  0.969939879759519       4.231418170258115E-002
  0.971943887775551       3.874687986227842E-002
  0.973947895791583       3.584081745543318E-002
  0.975951903807615       3.345167676847763E-002
  0.977955911823647       3.147422180604924E-002
  0.979959919839679       2.983034954024634E-002
  0.981963927855711       2.846124344077207E-002
  0.983967935871743       2.732209595840531E-002
  0.985971943887775       2.637848527103939E-002
  0.987975951903807       2.560384469358276E-002
  0.989979959919840       2.497767119373959E-002
  0.991983967935872       2.448424561368256E-002
  0.993987975951904       2.411171577889921E-002
  0.995991983967936       2.385144395438717E-002
  0.997995991983968       2.369755317861508E-002
   1.00000000000000       2.364662950361003E-002
